0.4667 2036.7 0.002s 0 100 50 30 0.5 2
0.4870 2554.9 0.052s 0 100 50 1000 0.5 2
0.5037 2521.9 0.435s 0 100 50 10000 0.5 2
0.4984 2492.9 4.223s 0 100 50 100000 0.5 2
0.5004 2502.1 42.524s 0 100 50 1000000 0.5 2

0.4994 2497.6 41.735s 0 100 50 500000 0.5 1
0.4995 2508.7 21.150s 0 100 50 500000 0.5 2
0.4995 2498.3 21.042s 0 100 50 500000 0.5 4
0.5002 2498.0 21.044s 0 100 50 500000 0.5 8
0.4990 2499.1 21.243s 0 100 50 500000 0.5 16

0.5667 2484.4 0.003s 0 100 50 30 0.5 1
0.5300 2353.5 0.086s 0 100 50 1000 0.5 1
0.4931 2456.0 0.824s 0 100 50 10000 0.5 1
0.5019 2489.6 8.395s 0 100 50 100000 0.5 1
0.4996 2501.2 83.650s 0 100 50 1000000 0.5 1
0.5003 2498.8 41.824s 0 100 50 500000 0.5 1
